3473.71
3338.34
3492.26
3853.38
3209.8
3372.95
3497.89
3929.07
3299.62
3431.35
3436.32
3570.44
3528.47
3601.95
3476.93
3768.03
3560.45
3492.55
3696.66
3299.86
3785.76
3310.27
3336.33
3720.59
3554.34
3228.45
3613.45
3101.78
3482.47
3404.01
3574.18
3429.1
3312.95
3283.46
3637.71
3237.89
3652.6
3379.73
3566.66
3530.75
3426.62
3653.3
3567.67
3791.6
3428.41
3345.66
3346.1
3749.69
3598.68
3418.53
3700.06
3719.29
3728.45
3421.66
3639.21
3594.3
3782.78
3409.27
3517.27
3335.63
3251.57
3151.51
3475.57
3547.32
3285.57
3434.26
3378.86
3686.79
3557.57
3601.89
3551.53
3408.07
3420.96
3431.26
3467.25
3281.46
3523.88
3461.16
3667.76
3652.88
3333.37
3478.16
3423.85
3146.65
3891.95
3535.96
3348.95
3130.72
3532.92
3623.23
3562.44
3411.39
3851.9
3342.16
3621.56
3963.14
3730.76
3627.74
3507
3819.66
