0
1
2
0
1
2
0
1
2
3
4
5
3
4
5
3
4
5
6
7
8
6
7
8
6
7
8
9
10
11
9
10
11
9
10
11
12
13
14
12
13
14
12
13
14
15
16
17
15
16
17
15
16
17
18
19
20
18
19
20
18
19
20
21
22
23
21
22
23
21
22
23
24
25
26
24
25
26
24
25
26
27
28
29
27
28
29
27
28
29
30
31
32
30
31
32
30
31
32
33
34
35
33
34
35
33
34
35
36
37
38
36
37
38
36
37
38
39
40
41
39
40
41
39
40
41
42
43
44
42
43
44
42
43
44
45
46
47
45
46
47
45
46
47
48
49
50
48
49
50
48
49
50
51
52
53
51
52
53
51
52
53
54
55
56
54
55
56
54
55
56
57
58
59
57
58
59
57
58
59
60
61
62
63
60
61
62
64
60
61
62
65
60
63
61
64
62
65
66
67
68
69
66
67
68
70
66
67
68
71
66
69
67
70
68
71
72
73
74
75
72
73
74
76
72
73
74
77
72
75
73
76
74
77
78
79
80
81
78
79
80
82
78
79
80
83
78
81
79
82
80
83
84
85
86
87
84
85
86
88
84
85
86
89
84
87
85
88
86
89
90
91
92
93
90
91
92
94
90
91
92
95
90
93
91
94
92
95
96
97
98
99
96
97
98
100
96
97
98
101
96
99
97
100
98
101
