0
1
2
1
2
2
3
4
5
4
5
5
6
7
8
7
8
8
9
10
11
10
11
11
12
13
14
13
14
14
15
16
17
16
17
17
18
19
20
19
20
20
21
22
23
22
23
23
24
25
26
25
26
26
27
28
29
28
29
29
30
31
32
31
32
32
33
34
35
34
35
35
36
37
38
37
38
38
39
40
41
40
41
41
42
43
44
43
44
44
45
46
47
46
47
47
48
49
50
49
50
50
51
52
53
52
53
53
54
55
56
55
56
56
57
58
59
58
59
59
60
61
62
63
61
62
64
62
65
63
64
65
66
67
68
69
67
68
70
68
71
69
70
71
72
73
74
75
73
74
76
74
77
75
76
77
78
79
80
81
79
80
82
80
83
81
82
83
84
85
86
87
85
86
88
86
89
87
88
89
90
91
92
93
91
92
94
92
95
93
94
95
96
97
98
99
97
98
100
98
101
99
100
101
