0
3
5
6
9
11
12
15
17
18
21
23
24
27
29
30
33
35
36
39
41
42
45
47
48
51
53
54
57
59
60
63
65
66
69
71
72
75
77
78
81
83
84
87
89
90
93
95
96
99
101
102
105
107
108
111
113
114
117
119
120
123
125
126
129
131
132
135
137
138
141
143
144
147
149
150
153
155
156
159
161
162
165
167
168
171
173
174
177
179
180
183
185
186
189
191
192
195
197
198
201
203
204
207
209
210
213
215
216
219
221
222
225
227
228
231
233
234
237
239
240
243
245
246
249
251
252
255
257
258
261
263
264
267
269
270
273
275
276
279
281
282
285
287
288
291
293
294
297
299
300
303
305
306
309
311
312
315
317
318
321
323
324
327
329
330
333
335
336
339
341
342
345
347
348
351
353
354
357
359
360
363
365
366
369
371
372
375
377
378
381
383
384
387
389
390
393
395
396
399
401
402
405
407
408
411
413
414
417
419
420
423
425
426
429
431
432
435
437
438
441
443
444
447
449
450
453
455
456
459
461
462
465
467
468
471
473
474
477
479
480
483
485
486
489
491
492
495
497
498
501
503
504
507
509
510
513
515
516
520
523
525
526
527
528
532
535
537
538
539
540
544
547
549
550
551
552
556
559
561
562
563
564
568
571
573
574
575
576
580
583
585
586
587
588
592
595
597
598
599
600
604
607
609
610
611
612
616
619
621
622
623
624
628
631
633
634
635
636
638
640
642
645
647
648
650
652
654
657
659
660
662
664
666
669
671
672
674
676
678
681
683
684
686
688
690
693
695
696
698
700
702
705
707
708
710
712
714
717
719
720
724
727
729
730
731
732
734
736
738
741
743
744
746
748
750
753
755
756
758
760
762
765
767
768
770
772
774
777
779
780
782
784
786
789
791
792
794
796
798
801
803
804
806
808
810
813
815
816
818
820
822
825
827
828
832
835
837
838
839
840
842
844
846
849
851
852
854
856
858
861
863
864
866
868
870
873
875
876
878
880
882
885
887
888
890
892
894
897
899
900
902
904
906
909
911
912
914
916
918
921
923
924
926
928
930
933
935
936
940
943
945
946
947
948
950
952
954
957
959
960
962
964
966
969
971
972
974
976
978
981
983
984
986
988
990
993
995
996
998
1000
1002
1005
1007
1008
