0
3
6
9
12
15
18
21
24
27
30
33
36
39
42
45
48
51
54
57
60
63
66
69
72
75
78
81
84
87
90
93
96
99
102
105
108
111
114
117
120
123
126
129
132
135
138
141
144
147
150
153
156
159
162
165
168
171
174
177
180
183
186
189
192
195
198
201
204
207
210
213
216
219
222
225
228
231
234
237
240
243
246
249
252
255
258
261
264
267
270
273
276
279
282
285
288
291
294
297
300
303
306
309
312
315
318
321
324
327
330
333
336
339
342
345
348
351
354
357
360
363
366
369
372
375
378
381
384
387
390
393
396
399
402
405
408
411
414
417
420
423
426
429
432
435
438
441
444
447
450
453
456
459
462
465
468
471
474
477
480
483
486
489
492
495
498
501
504
507
510
513
516
519
522
525
528
531
534
537
540
543
546
549
552
555
558
561
564
567
570
573
576
579
582
585
588
591
594
597
600
603
606
609
612
615
618
621
624
627
630
633
636
639
642
645
648
651
654
657
660
663
666
669
672
675
678
681
684
687
690
693
696
699
702
705
708
711
714
717
720
723
726
729
732
735
738
741
744
747
750
753
756
759
762
765
768
771
774
778
782
786
788
790
792
796
800
804
806
808
810
814
818
822
824
826
828
832
836
840
842
844
846
850
854
858
860
862
864
868
872
876
878
880
882
886
890
894
896
898
900
904
908
912
914
916
918
922
926
930
932
934
936
940
944
948
950
952
954
956
958
960
964
968
972
974
976
978
982
986
990
992
994
996
1000
1004
1008
1010
1012
1014
1018
1022
1026
1028
1030
1032
1036
1040
1044
1046
1048
1050
1054
1058
1062
1064
1066
1068
1072
1076
1080
1084
1088
1092
1094
1096
1098
1100
1102
1104
1108
1112
1116
1118
1120
1122
1126
1130
1134
1136
1138
1140
1144
1148
1152
1154
1156
1158
1162
1166
1170
1172
1174
1176
1180
1184
1188
1190
1192
1194
1198
1202
1206
1208
1210
1212
1216
1220
1224
1226
1228
1230
1234
1238
1242
1246
1250
1254
1256
1258
1260
1262
1264
1266
1270
1274
1278
1280
1282
1284
1288
1292
1296
1298
1300
1302
1306
1310
1314
1316
1318
1320
1324
1328
1332
1334
1336
1338
1342
1346
1350
1352
1354
1356
1360
1364
1368
1370
1372
1374
1378
1382
1386
1388
1390
1392
1396
1400
1404
1408
1412
1416
1418
1420
1422
1424
1426
1428
1432
1436
1440
1442
1444
1446
1450
1454
1458
1460
1462
1464
1468
1472
1476
1478
1480
1482
1486
1490
1494
1496
1498
1500
1504
1508
1512
