0
1
2
0
1
2
0
1
2
3
4
5
3
4
5
3
4
5
6
7
8
6
7
8
6
7
8
9
10
11
9
10
11
9
10
11
12
13
14
12
13
14
12
13
14
15
16
17
15
16
17
15
16
17
18
19
20
18
19
20
18
19
20
21
22
23
21
22
23
21
22
23
24
25
26
24
25
26
24
25
26
27
28
29
27
28
29
27
28
29
30
31
32
30
31
32
30
31
32
33
34
35
33
34
35
33
34
35
36
37
38
36
37
38
36
37
38
39
40
41
39
40
41
39
40
41
42
43
44
42
43
44
42
43
44
45
46
47
45
46
47
45
46
47
48
49
50
48
49
50
48
49
50
51
52
53
51
52
53
51
52
53
54
55
56
54
55
56
54
55
56
57
58
59
57
58
59
57
58
59
60
61
62
60
61
62
60
61
62
63
64
65
63
64
65
63
64
65
66
67
68
66
67
68
66
67
68
69
70
71
69
70
71
69
70
71
72
73
74
72
73
74
72
73
74
75
76
77
75
76
77
75
76
77
78
79
80
78
79
80
78
79
80
81
82
83
81
82
83
81
82
83
84
85
86
84
85
86
84
85
86
87
88
89
87
88
89
87
88
89
90
91
92
90
91
92
90
91
92
93
94
95
93
94
95
93
94
95
96
97
98
96
97
98
96
97
98
99
100
101
99
100
101
99
100
101
102
103
104
102
103
104
102
103
104
105
106
107
105
106
107
105
106
107
108
109
110
108
109
110
108
109
110
111
112
113
111
112
113
111
112
113
114
115
116
114
115
116
114
115
116
117
118
119
117
118
119
117
118
119
120
121
122
120
121
122
120
121
122
123
124
125
123
124
125
123
124
125
126
127
128
126
127
128
126
127
128
129
130
131
129
130
131
129
130
131
132
133
134
132
133
134
132
133
134
135
136
137
135
136
137
135
136
137
138
139
140
138
139
140
138
139
140
141
142
143
141
142
143
141
142
143
144
145
146
144
145
146
144
145
146
147
148
149
147
148
149
147
148
149
150
151
152
150
151
152
150
151
152
153
154
155
153
154
155
153
154
155
156
157
158
156
157
158
156
157
158
159
160
161
159
160
161
159
160
161
162
163
164
162
163
164
162
163
164
165
166
167
165
166
167
165
166
167
168
169
170
168
169
170
168
169
170
171
172
173
171
172
173
171
172
173
174
175
176
174
175
176
174
175
176
177
178
179
177
178
179
177
178
179
180
181
182
180
181
182
180
181
182
183
184
185
183
184
185
183
184
185
186
187
188
186
187
188
186
187
188
189
190
191
189
190
191
189
190
191
192
193
194
192
193
194
192
193
194
195
196
197
195
196
197
195
196
197
198
199
200
198
199
200
198
199
200
201
202
203
201
202
203
201
202
203
204
205
206
204
205
206
204
205
206
207
208
209
207
208
209
207
208
209
210
211
212
210
211
212
210
211
212
213
214
215
213
214
215
213
214
215
216
217
218
216
217
218
216
217
218
219
220
221
219
220
221
219
220
221
222
223
224
222
223
224
222
223
224
225
226
227
225
226
227
225
226
227
228
229
230
228
229
230
228
229
230
231
232
233
231
232
233
231
232
233
234
235
236
234
235
236
234
235
236
237
238
239
237
238
239
237
238
239
240
241
242
240
241
242
240
241
242
243
244
245
243
244
245
243
244
245
246
247
248
246
247
248
246
247
248
249
250
251
249
250
251
249
250
251
252
253
254
252
253
254
252
253
254
255
256
257
255
256
257
255
256
257
258
259
260
261
258
259
260
262
258
259
260
263
258
261
259
262
260
263
264
265
266
267
264
265
266
268
264
265
266
269
264
267
265
268
266
269
270
271
272
273
270
271
272
274
270
271
272
275
270
273
271
274
272
275
276
277
278
279
276
277
278
280
276
277
278
281
276
279
277
280
278
281
282
283
284
285
282
283
284
286
282
283
284
287
282
285
283
286
284
287
288
289
290
291
288
289
290
292
288
289
290
293
288
291
289
292
290
293
294
295
296
297
294
295
296
298
294
295
296
299
294
297
295
298
296
299
300
301
302
303
300
301
302
304
300
301
302
305
300
303
301
304
302
305
306
307
308
309
306
307
308
310
306
307
308
311
306
309
307
310
308
311
312
313
314
315
312
313
314
316
312
313
314
317
312
315
313
316
314
317
318
321
319
322
320
323
318
321
322
323
319
321
322
323
320
321
322
323
324
327
325
328
326
329
324
327
328
329
325
327
328
329
326
327
328
329
330
333
331
334
332
335
330
333
334
335
331
333
334
335
332
333
334
335
336
339
337
340
338
341
336
339
340
341
337
339
340
341
338
339
340
341
342
345
343
346
344
347
342
345
346
347
343
345
346
347
344
345
346
347
348
351
349
352
350
353
348
351
352
353
349
351
352
353
350
351
352
353
354
357
355
358
356
359
354
357
358
359
355
357
358
359
356
357
358
359
360
361
362
363
360
361
362
364
360
361
362
365
360
363
361
364
362
365
366
369
367
370
368
371
366
369
370
371
367
369
370
371
368
369
370
371
372
375
373
376
374
377
372
375
376
377
373
375
376
377
374
375
376
377
378
381
379
382
380
383
378
381
382
383
379
381
382
383
380
381
382
383
384
387
385
388
386
389
384
387
388
389
385
387
388
389
386
387
388
389
390
393
391
394
392
395
390
393
394
395
391
393
394
395
392
393
394
395
396
399
397
400
398
401
396
399
400
401
397
399
400
401
398
399
400
401
402
405
403
406
404
407
402
405
406
407
403
405
406
407
404
405
406
407
408
411
409
412
410
413
408
411
412
413
409
411
412
413
410
411
412
413
414
415
416
417
414
415
416
418
414
415
416
419
414
417
415
418
416
419
420
423
421
424
422
425
420
423
424
425
421
423
424
425
422
423
424
425
426
429
427
430
428
431
426
429
430
431
427
429
430
431
428
429
430
431
432
435
433
436
434
437
432
435
436
437
433
435
436
437
434
435
436
437
438
441
439
442
440
443
438
441
442
443
439
441
442
443
440
441
442
443
444
447
445
448
446
449
444
447
448
449
445
447
448
449
446
447
448
449
450
453
451
454
452
455
450
453
454
455
451
453
454
455
452
453
454
455
456
459
457
460
458
461
456
459
460
461
457
459
460
461
458
459
460
461
462
465
463
466
464
467
462
465
466
467
463
465
466
467
464
465
466
467
468
469
470
471
468
469
470
472
468
469
470
473
468
471
469
472
470
473
474
477
475
478
476
479
474
477
478
479
475
477
478
479
476
477
478
479
480
483
481
484
482
485
480
483
484
485
481
483
484
485
482
483
484
485
486
489
487
490
488
491
486
489
490
491
487
489
490
491
488
489
490
491
492
495
493
496
494
497
492
495
496
497
493
495
496
497
494
495
496
497
498
501
499
502
500
503
498
501
502
503
499
501
502
503
500
501
502
503
