0
1
2
1
2
2
3
4
5
4
5
5
6
7
8
7
8
8
9
10
11
10
11
11
12
13
14
13
14
14
15
16
17
16
17
17
18
19
20
19
20
20
21
22
23
22
23
23
24
25
26
25
26
26
27
28
29
28
29
29
30
31
32
31
32
32
33
34
35
34
35
35
36
37
38
37
38
38
39
40
41
40
41
41
42
43
44
43
44
44
45
46
47
46
47
47
48
49
50
49
50
50
51
52
53
52
53
53
54
55
56
55
56
56
57
58
59
58
59
59
60
61
62
61
62
62
63
64
65
64
65
65
66
67
68
67
68
68
69
70
71
70
71
71
72
73
74
73
74
74
75
76
77
76
77
77
78
79
80
79
80
80
81
82
83
82
83
83
84
85
86
85
86
86
87
88
89
88
89
89
90
91
92
91
92
92
93
94
95
94
95
95
96
97
98
97
98
98
99
100
101
100
101
101
102
103
104
103
104
104
105
106
107
106
107
107
108
109
110
109
110
110
111
112
113
112
113
113
114
115
116
115
116
116
117
118
119
118
119
119
120
121
122
121
122
122
123
124
125
124
125
125
126
127
128
127
128
128
129
130
131
130
131
131
132
133
134
133
134
134
135
136
137
136
137
137
138
139
140
139
140
140
141
142
143
142
143
143
144
145
146
145
146
146
147
148
149
148
149
149
150
151
152
151
152
152
153
154
155
154
155
155
156
157
158
157
158
158
159
160
161
160
161
161
162
163
164
163
164
164
165
166
167
166
167
167
168
169
170
169
170
170
171
172
173
172
173
173
174
175
176
175
176
176
177
178
179
178
179
179
180
181
182
181
182
182
183
184
185
184
185
185
186
187
188
187
188
188
189
190
191
190
191
191
192
193
194
193
194
194
195
196
197
196
197
197
198
199
200
199
200
200
201
202
203
202
203
203
204
205
206
205
206
206
207
208
209
208
209
209
210
211
212
211
212
212
213
214
215
214
215
215
216
217
218
217
218
218
219
220
221
220
221
221
222
223
224
223
224
224
225
226
227
226
227
227
228
229
230
229
230
230
231
232
233
232
233
233
234
235
236
235
236
236
237
238
239
238
239
239
240
241
242
241
242
242
243
244
245
244
245
245
246
247
248
247
248
248
249
250
251
250
251
251
252
253
254
253
254
254
255
256
257
256
257
257
258
259
260
261
259
260
262
260
263
261
262
263
264
265
266
267
265
266
268
266
269
267
268
269
270
271
272
273
271
272
274
272
275
273
274
275
276
277
278
279
277
278
280
278
281
279
280
281
282
283
284
285
283
284
286
284
287
285
286
287
288
289
290
291
289
290
292
290
293
291
292
293
294
295
296
297
295
296
298
296
299
297
298
299
300
301
302
303
301
302
304
302
305
303
304
305
306
307
308
309
307
308
310
308
311
309
310
311
312
313
314
315
313
314
316
314
317
315
316
317
318
321
319
322
320
323
321
322
323
322
323
323
324
327
325
328
326
329
327
328
329
328
329
329
330
333
331
334
332
335
333
334
335
334
335
335
336
339
337
340
338
341
339
340
341
340
341
341
342
345
343
346
344
347
345
346
347
346
347
347
348
351
349
352
350
353
351
352
353
352
353
353
354
357
355
358
356
359
357
358
359
358
359
359
360
361
362
363
361
362
364
362
365
363
364
365
366
369
367
370
368
371
369
370
371
370
371
371
372
375
373
376
374
377
375
376
377
376
377
377
378
381
379
382
380
383
381
382
383
382
383
383
384
387
385
388
386
389
387
388
389
388
389
389
390
393
391
394
392
395
393
394
395
394
395
395
396
399
397
400
398
401
399
400
401
400
401
401
402
405
403
406
404
407
405
406
407
406
407
407
408
411
409
412
410
413
411
412
413
412
413
413
414
415
416
417
415
416
418
416
419
417
418
419
420
423
421
424
422
425
423
424
425
424
425
425
426
429
427
430
428
431
429
430
431
430
431
431
432
435
433
436
434
437
435
436
437
436
437
437
438
441
439
442
440
443
441
442
443
442
443
443
444
447
445
448
446
449
447
448
449
448
449
449
450
453
451
454
452
455
453
454
455
454
455
455
456
459
457
460
458
461
459
460
461
460
461
461
462
465
463
466
464
467
465
466
467
466
467
467
468
469
470
471
469
470
472
470
473
471
472
473
474
477
475
478
476
479
477
478
479
478
479
479
480
483
481
484
482
485
483
484
485
484
485
485
486
489
487
490
488
491
489
490
491
490
491
491
492
495
493
496
494
497
495
496
497
496
497
497
498
501
499
502
500
503
501
502
503
502
503
503
