0
1
2
1
2
2
3
4
5
4
5
5
6
7
8
7
8
8
9
10
11
10
11
11
12
13
14
13
14
14
15
16
17
16
17
17
18
19
20
19
20
20
21
22
23
22
23
23
24
25
26
25
26
26
27
28
29
28
29
29
30
31
32
31
32
32
33
34
35
34
35
35
36
37
38
37
38
38
39
40
41
40
41
41
42
43
44
43
44
44
45
46
47
46
47
47
48
49
50
49
50
50
51
52
53
52
53
53
54
55
56
55
56
56
57
58
59
58
59
59
60
61
62
63
61
62
64
62
65
63
64
65
66
67
68
69
67
68
70
68
71
69
70
71
72
73
74
75
73
74
76
74
77
75
76
77
78
79
80
81
79
80
82
80
83
81
82
83
84
85
86
87
85
86
88
86
89
87
88
89
90
91
92
93
91
92
94
92
95
93
94
95
96
97
98
99
97
98
100
98
101
99
100
101
102
103
104
103
104
104
105
106
107
106
107
107
108
109
110
109
110
110
111
112
113
112
113
113
114
115
116
115
116
116
117
118
119
118
119
119
120
121
122
121
122
122
123
124
125
124
125
125
126
127
128
127
128
128
129
130
131
130
131
131
132
133
134
133
134
134
135
136
137
136
137
137
138
139
140
139
140
140
141
142
143
142
143
143
144
145
146
145
146
146
147
148
149
148
149
149
150
151
152
151
152
152
153
154
155
154
155
155
156
157
158
157
158
158
159
160
161
160
161
161
162
163
164
165
163
164
166
164
167
165
166
167
168
169
170
171
169
170
172
170
173
171
172
173
174
175
176
177
175
176
178
176
179
177
178
179
180
181
182
183
181
182
184
182
185
183
184
185
186
187
188
189
187
188
190
188
191
189
190
191
192
193
194
195
193
194
196
194
197
195
196
197
198
199
200
201
199
200
202
200
203
201
202
203
204
205
206
205
206
206
207
208
209
208
209
209
210
211
212
211
212
212
213
214
215
214
215
215
216
217
218
217
218
218
219
220
221
220
221
221
222
223
224
223
224
224
225
226
227
226
227
227
228
229
230
229
230
230
231
232
233
232
233
233
234
235
236
235
236
236
237
238
239
238
239
239
240
241
242
241
242
242
243
244
245
244
245
245
246
247
248
247
248
248
249
250
251
250
251
251
252
253
254
253
254
254
255
256
257
256
257
257
258
259
260
259
260
260
261
262
263
262
263
263
264
265
266
267
265
266
268
266
269
267
268
269
270
271
272
273
271
272
274
272
275
273
274
275
276
277
278
279
277
278
280
278
281
279
280
281
282
283
284
285
283
284
286
284
287
285
286
287
288
289
290
291
289
290
292
290
293
291
292
293
294
295
296
297
295
296
298
296
299
297
298
299
300
301
302
303
301
302
304
302
305
303
304
305
306
307
306
307
307
308
309
310
309
310
310
311
312
313
312
313
313
314
315
316
315
316
316
317
318
319
318
319
319
320
321
322
321
322
322
323
324
325
324
325
325
326
327
328
327
328
328
329
330
331
330
331
331
332
333
334
333
334
334
335
336
337
336
337
337
338
339
340
339
340
340
341
342
343
342
343
343
344
345
346
345
346
346
347
348
349
348
349
349
350
351
352
351
352
352
353
354
355
354
355
355
356
357
358
357
358
358
359
360
361
360
361
361
362
363
364
363
364
364
365
366
367
368
366
367
369
367
370
368
369
370
371
372
373
374
372
373
375
373
376
374
375
376
377
378
379
380
378
379
381
379
382
380
381
382
383
384
385
386
384
385
387
385
388
386
387
388
389
390
391
392
390
391
393
391
394
392
393
394
395
396
397
398
396
397
399
397
400
398
399
400
401
402
403
404
402
403
405
403
406
404
405
406
407
408
409
408
409
409
410
411
412
411
412
412
413
414
415
414
415
415
416
417
418
417
418
418
419
420
421
420
421
421
422
423
424
423
424
424
425
426
427
426
427
427
428
429
430
429
430
430
431
432
433
432
433
433
434
435
436
435
436
436
437
438
439
438
439
439
440
441
442
441
442
442
443
444
445
444
445
445
446
447
448
447
448
448
449
450
451
450
451
451
452
453
454
453
454
454
455
456
457
456
457
457
458
459
460
459
460
460
461
462
463
462
463
463
464
465
466
465
466
466
467
468
469
470
468
469
471
469
472
470
471
472
473
474
475
476
474
475
477
475
478
476
477
478
479
480
481
482
480
481
483
481
484
482
483
484
485
486
487
488
486
487
489
487
490
488
489
490
491
492
493
494
492
493
495
493
496
494
495
496
497
498
499
500
498
499
501
499
502
500
501
502
503
