0
1
2
0
1
2
0
1
2
3
4
5
3
4
5
3
4
5
6
7
8
6
7
8
6
7
8
9
10
11
9
10
11
9
10
11
12
13
14
12
13
14
12
13
14
15
16
17
15
16
17
15
16
17
18
19
20
18
19
20
18
19
20
21
22
23
21
22
23
21
22
23
24
25
26
24
25
26
24
25
26
27
28
29
27
28
29
27
28
29
30
31
32
30
31
32
30
31
32
33
34
35
33
34
35
33
34
35
36
37
38
36
37
38
36
37
38
39
40
41
39
40
41
39
40
41
42
43
44
42
43
44
42
43
44
45
46
47
45
46
47
45
46
47
48
49
50
48
49
50
48
49
50
51
52
53
51
52
53
51
52
53
54
55
56
54
55
56
54
55
56
57
58
59
57
58
59
57
58
59
60
61
62
63
60
61
62
64
60
61
62
65
60
63
61
64
62
65
66
67
68
69
66
67
68
70
66
67
68
71
66
69
67
70
68
71
72
73
74
75
72
73
74
76
72
73
74
77
72
75
73
76
74
77
78
79
80
81
78
79
80
82
78
79
80
83
78
81
79
82
80
83
84
85
86
87
84
85
86
88
84
85
86
89
84
87
85
88
86
89
90
91
92
93
90
91
92
94
90
91
92
95
90
93
91
94
92
95
96
97
98
99
96
97
98
100
96
97
98
101
96
99
97
100
98
101
102
103
104
102
103
104
102
103
104
105
106
107
105
106
107
105
106
107
108
109
110
108
109
110
108
109
110
111
112
113
111
112
113
111
112
113
114
115
116
114
115
116
114
115
116
117
118
119
117
118
119
117
118
119
120
121
122
120
121
122
120
121
122
123
124
125
123
124
125
123
124
125
126
127
128
126
127
128
126
127
128
129
130
131
129
130
131
129
130
131
132
133
134
132
133
134
132
133
134
135
136
137
135
136
137
135
136
137
138
139
140
138
139
140
138
139
140
141
142
143
141
142
143
141
142
143
144
145
146
144
145
146
144
145
146
147
148
149
147
148
149
147
148
149
150
151
152
150
151
152
150
151
152
153
154
155
153
154
155
153
154
155
156
157
158
156
157
158
156
157
158
159
160
161
159
160
161
159
160
161
162
163
164
165
162
163
164
166
162
163
164
167
162
165
163
166
164
167
168
169
170
171
168
169
170
172
168
169
170
173
168
171
169
172
170
173
174
175
176
177
174
175
176
178
174
175
176
179
174
177
175
178
176
179
180
181
182
183
180
181
182
184
180
181
182
185
180
183
181
184
182
185
186
187
188
189
186
187
188
190
186
187
188
191
186
189
187
190
188
191
192
193
194
195
192
193
194
196
192
193
194
197
192
195
193
196
194
197
198
199
200
201
198
199
200
202
198
199
200
203
198
201
199
202
200
203
204
205
206
204
205
206
204
205
206
207
208
209
207
208
209
207
208
209
210
211
212
210
211
212
210
211
212
213
214
215
213
214
215
213
214
215
216
217
218
216
217
218
216
217
218
219
220
221
219
220
221
219
220
221
222
223
224
222
223
224
222
223
224
225
226
227
225
226
227
225
226
227
228
229
230
228
229
230
228
229
230
231
232
233
231
232
233
231
232
233
234
235
236
234
235
236
234
235
236
237
238
239
237
238
239
237
238
239
240
241
242
240
241
242
240
241
242
243
244
245
243
244
245
243
244
245
246
247
248
246
247
248
246
247
248
249
250
251
249
250
251
249
250
251
252
253
254
252
253
254
252
253
254
255
256
257
255
256
257
255
256
257
258
259
260
258
259
260
258
259
260
261
262
263
261
262
263
261
262
263
264
265
266
267
264
265
266
268
264
265
266
269
264
267
265
268
266
269
270
271
272
273
270
271
272
274
270
271
272
275
270
273
271
274
272
275
276
277
278
279
276
277
278
280
276
277
278
281
276
279
277
280
278
281
282
283
284
285
282
283
284
286
282
283
284
287
282
285
283
286
284
287
288
289
290
291
288
289
290
292
288
289
290
293
288
291
289
292
290
293
294
295
296
297
294
295
296
298
294
295
296
299
294
297
295
298
296
299
300
301
302
303
300
301
302
304
300
301
302
305
300
303
301
304
302
305
306
307
305
306
307
305
306
307
308
309
310
308
309
310
308
309
310
311
312
313
311
312
313
311
312
313
314
315
316
314
315
316
314
315
316
317
318
319
317
318
319
317
318
319
320
321
322
320
321
322
320
321
322
323
324
325
323
324
325
323
324
325
326
327
328
326
327
328
326
327
328
329
330
331
329
330
331
329
330
331
332
333
334
332
333
334
332
333
334
335
336
337
335
336
337
335
336
337
338
339
340
338
339
340
338
339
340
341
342
343
341
342
343
341
342
343
344
345
346
344
345
346
344
345
346
347
348
349
347
348
349
347
348
349
350
351
352
350
351
352
350
351
352
353
354
355
353
354
355
353
354
355
356
357
358
356
357
358
356
357
358
359
360
361
359
360
361
359
360
361
362
363
364
362
363
364
362
363
364
365
366
367
368
365
366
367
369
365
366
367
370
365
368
366
369
367
370
371
372
373
374
371
372
373
375
371
372
373
376
371
374
372
375
373
376
377
378
379
380
377
378
379
381
377
378
379
382
377
380
378
381
379
382
383
384
385
386
383
384
385
387
383
384
385
388
383
386
384
387
385
388
389
390
391
392
389
390
391
393
389
390
391
394
389
392
390
393
391
394
395
396
397
398
395
396
397
399
395
396
397
400
395
398
396
399
397
400
401
402
403
404
401
402
403
405
401
402
403
406
401
404
402
405
403
406
407
408
409
407
408
409
407
408
409
410
411
412
410
411
412
410
411
412
413
414
415
413
414
415
413
414
415
416
417
418
416
417
418
416
417
418
419
420
421
419
420
421
419
420
421
422
423
424
422
423
424
422
423
424
425
426
427
425
426
427
425
426
427
428
429
430
428
429
430
428
429
430
431
432
433
431
432
433
431
432
433
434
435
436
434
435
436
434
435
436
437
438
439
437
438
439
437
438
439
440
441
442
440
441
442
440
441
442
443
444
445
443
444
445
443
444
445
446
447
448
446
447
448
446
447
448
449
450
451
449
450
451
449
450
451
452
453
454
452
453
454
452
453
454
455
456
457
455
456
457
455
456
457
458
459
460
458
459
460
458
459
460
461
462
463
461
462
463
461
462
463
464
465
466
464
465
466
464
465
466
467
468
469
470
467
468
469
471
467
468
469
472
467
470
468
471
469
472
473
474
475
476
473
474
475
477
473
474
475
478
473
476
474
477
475
478
479
480
481
482
479
480
481
483
479
480
481
484
479
482
480
483
481
484
485
486
487
488
485
486
487
489
485
486
487
490
485
488
486
489
487
490
491
492
493
494
491
492
493
495
491
492
493
496
491
494
492
495
493
496
497
498
499
500
497
498
499
501
497
498
499
502
497
500
498
501
499
502
503
