0
3
6
9
12
15
18
21
24
27
30
33
36
39
42
45
48
51
54
57
60
63
66
69
72
75
78
81
84
87
90
93
96
99
102
105
108
111
114
117
120
123
126
129
132
135
138
141
144
147
150
153
156
159
162
165
168
171
174
177
180
184
188
192
194
196
198
202
206
210
212
214
216
220
224
228
230
232
234
238
242
246
248
250
252
256
260
264
266
268
270
274
278
282
284
286
288
292
296
300
302
304
306
309
312
315
318
321
324
327
330
333
336
339
342
345
348
351
354
357
360
363
366
369
372
375
378
381
384
387
390
393
396
399
402
405
408
411
414
417
420
423
426
429
432
435
438
441
444
447
450
453
456
459
462
465
468
471
474
477
480
483
486
490
494
498
500
502
504
508
512
516
518
520
522
526
530
534
536
538
540
544
548
552
554
556
558
562
566
570
572
574
576
580
584
588
590
592
594
598
602
606
608
610
612
615
618
621
624
627
630
633
636
639
642
645
648
651
654
657
660
663
666
669
672
675
678
681
684
687
690
693
696
699
702
705
708
711
714
717
720
723
726
729
732
735
738
741
744
747
750
753
756
759
762
765
768
771
774
777
780
783
786
789
792
796
800
804
806
808
810
814
818
822
824
826
828
832
836
840
842
844
846
850
854
858
860
862
864
868
872
876
878
880
882
886
890
894
896
898
900
904
908
912
914
916
920
923
926
929
932
935
938
941
944
947
950
953
956
959
962
965
968
971
974
977
980
983
986
989
992
995
998
1001
1004
1007
1010
1013
1016
1019
1022
1025
1028
1031
1034
1037
1040
1043
1046
1049
1052
1055
1058
1061
1064
1067
1070
1073
1076
1079
1082
1085
1088
1091
1094
1097
1101
1105
1109
1111
1113
1115
1119
1123
1127
1129
1131
1133
1137
1141
1145
1147
1149
1151
1155
1159
1163
1165
1167
1169
1173
1177
1181
1183
1185
1187
1191
1195
1199
1201
1203
1205
1209
1213
1217
1219
1221
1223
1226
1229
1232
1235
1238
1241
1244
1247
1250
1253
1256
1259
1262
1265
1268
1271
1274
1277
1280
1283
1286
1289
1292
1295
1298
1301
1304
1307
1310
1313
1316
1319
1322
1325
1328
1331
1334
1337
1340
1343
1346
1349
1352
1355
1358
1361
1364
1367
1370
1373
1376
1379
1382
1385
1388
1391
1394
1397
1400
1403
1407
1411
1415
1417
1419
1421
1425
1429
1433
1435
1437
1439
1443
1447
1451
1453
1455
1457
1461
1465
1469
1471
1473
1475
1479
1483
1487
1489
1491
1493
1497
1501
1505
1507
1509
1511
1512
