0
3
5
6
9
11
12
15
17
18
21
23
24
27
29
30
33
35
36
39
41
42
45
47
48
51
53
54
57
59
60
63
65
66
69
71
72
75
77
78
81
83
84
87
89
90
93
95
96
99
101
102
105
107
108
111
113
114
117
119
120
124
127
129
130
131
132
136
139
141
142
143
144
148
151
153
154
155
156
160
163
165
166
167
168
172
175
177
178
179
180
184
187
189
190
191
192
196
199
201
202
203
204
207
209
210
213
215
216
219
221
222
225
227
228
231
233
234
237
239
240
243
245
246
249
251
252
255
257
258
261
263
264
267
269
270
273
275
276
279
281
282
285
287
288
291
293
294
297
299
300
303
305
306
309
311
312
315
317
318
321
323
324
328
331
333
334
335
336
340
343
345
346
347
348
352
355
357
358
359
360
364
367
369
370
371
372
376
379
381
382
383
384
388
391
393
394
395
396
400
403
405
406
407
408
411
413
414
417
419
420
423
425
426
429
431
432
435
437
438
441
443
444
447
449
450
453
455
456
459
461
462
465
467
468
471
473
474
477
479
480
483
485
486
489
491
492
495
497
498
501
503
504
507
509
510
513
515
516
519
521
522
525
527
528
532
535
537
538
539
540
544
547
549
550
551
552
556
559
561
562
563
564
568
571
573
574
575
576
580
583
585
586
587
588
592
595
597
598
599
600
604
607
609
610
611
614
616
617
620
622
623
626
628
629
632
634
635
638
640
641
644
646
647
650
652
653
656
658
659
662
664
665
668
670
671
674
676
677
680
682
683
686
688
689
692
694
695
698
700
701
704
706
707
710
712
713
716
718
719
722
724
725
728
730
731
735
738
740
741
742
743
747
750
752
753
754
755
759
762
764
765
766
767
771
774
776
777
778
779
783
786
788
789
790
791
795
798
800
801
802
803
807
810
812
813
814
815
818
820
821
824
826
827
830
832
833
836
838
839
842
844
845
848
850
851
854
856
857
860
862
863
866
868
869
872
874
875
878
880
881
884
886
887
890
892
893
896
898
899
902
904
905
908
910
911
914
916
917
920
922
923
926
928
929
932
934
935
939
942
944
945
946
947
951
954
956
957
958
959
963
966
968
969
970
971
975
978
980
981
982
983
987
990
992
993
994
995
999
1002
1004
1005
1006
1007
1008
