0
3
6
9
12
15
18
21
24
27
30
33
36
39
42
45
48
51
54
57
60
63
66
69
72
75
78
81
84
87
90
93
96
99
102
105
108
111
114
117
120
123
126
129
132
135
138
141
144
147
150
153
156
159
162
165
168
171
174
177
180
183
186
189
192
195
198
201
204
207
210
213
216
219
222
225
228
231
234
237
240
243
246
249
252
255
258
261
264
267
270
273
276
279
282
285
288
291
294
297
300
303
306
309
312
315
318
321
324
327
330
333
336
339
342
345
348
351
354
357
360
363
366
369
372
375
378
381
384
387
390
393
396
399
402
405
408
411
414
417
420
423
426
429
432
435
438
441
444
447
450
453
456
459
462
465
468
471
474
477
480
483
486
489
492
495
498
501
504
507
510
513
516
519
522
525
528
531
534
537
540
543
546
549
552
555
558
561
564
567
570
573
576
579
582
585
588
591
594
597
600
603
606
609
612
615
618
621
624
627
630
633
636
639
642
645
648
651
654
657
660
663
666
669
672
675
678
681
684
687
690
693
696
699
702
705
708
711
714
717
720
723
726
729
732
735
738
741
744
747
750
753
756
759
762
765
768
771
774
777
780
783
786
789
792
795
798
801
804
807
810
813
816
819
822
825
828
831
834
837
840
843
846
849
852
855
858
861
864
867
870
873
876
879
882
885
888
891
894
897
900
903
906
909
912
915
918
921
924
927
930
933
936
939
942
945
948
951
954
957
960
963
966
969
972
975
978
981
984
987
990
993
996
999
1002
1005
1008
1011
1014
1017
1020
1023
1026
1029
1032
1035
1038
1041
1044
1047
1050
1053
1056
1059
1062
1065
1068
1071
1074
1077
1080
1083
1086
1089
1092
1095
1098
1101
1104
1107
1110
1113
1116
1119
1122
1125
1128
1131
1134
1137
1140
1143
1146
1149
1152
1155
1158
1161
1164
1167
1170
1173
1176
1179
1182
1185
1188
1191
1194
1197
1200
1203
1206
1209
1212
1215
1218
1221
1224
1227
1230
1233
1236
1239
1242
1245
1248
1251
1254
1257
1260
1263
1266
1269
1272
1275
1278
1281
1284
1287
1290
1293
1296
1299
1302
1305
1308
1311
1314
1317
1320
1323
1326
1329
1332
1335
1338
1341
1344
1347
1350
1353
1356
1359
1362
1365
1368
1371
1374
1377
1380
1383
1386
1389
1392
1395
1398
1401
1404
1407
1410
1413
1416
1419
1422
1425
1428
1431
1434
1437
1440
1443
1446
1449
1452
1455
1458
1461
1464
1467
1470
1473
1476
1479
1482
1485
1488
1491
1494
1497
1500
1503
1506
1509
1512
1515
1518
1521
1524
1527
1530
1533
1536
1539
1542
1545
1548
1551
1554
1557
1560
1563
1566
1569
1572
1575
1578
1581
1584
1587
1590
1593
1596
1599
1602
1605
1608
1611
1614
1617
1620
1623
1626
1629
1632
1635
1638
1641
1644
1647
1650
1653
1656
1659
1662
1665
1668
1671
1674
1677
1680
1683
1686
1689
1692
1695
1698
1701
1704
1707
1710
1713
1716
1719
1722
1725
1728
1731
1734
1737
1740
1743
1746
1749
1752
1755
1758
1761
1764
1767
1770
1773
1776
1779
1782
1785
1788
1791
1794
1797
1800
1803
1806
1809
1812
1815
1818
1821
1824
1827
1830
1833
1836
1839
1842
1845
1848
1851
1854
1857
1860
1863
1866
1869
1872
1875
1878
1881
1884
1887
1890
1893
1896
1899
1902
1905
1908
1911
1914
1917
1920
1923
1926
1929
1932
1935
1938
1941
1944
1947
1950
1953
1956
1959
1962
1965
1968
1971
1974
1977
1980
1983
1986
1989
1992
1995
1998
2001
2004
2007
2010
2013
2016
2019
2022
2025
2028
2031
2034
2037
2040
2043
2046
2049
2052
2055
2058
2061
2064
2067
2070
2073
2076
2079
2082
2085
2088
2091
2094
2097
2100
2103
2106
2109
2112
2115
2118
2121
2124
2127
2130
2133
2136
2139
2142
2145
2148
2151
2154
2157
2160
2163
2166
2169
2172
2175
2178
2181
2184
2187
2190
2193
2196
2199
2202
2205
2208
2211
2214
2217
2220
2223
2226
2229
2232
2235
2238
2241
2244
2247
2250
2253
2256
2259
2262
2265
2268
2271
2274
2277
2280
2283
2286
2289
2292
2295
2298
2301
2304
2307
2310
2313
2316
2319
2322
2325
2328
2331
2334
2337
2340
2343
2346
2349
2352
2355
2358
2361
2364
2367
2370
2373
2376
2379
2382
2385
2388
2391
2394
2397
2400
2403
2406
2409
2412
2415
2418
2421
2424
2427
2430
2433
2436
2439
2442
2445
2448
2451
2454
2457
2460
2463
2466
2469
2472
2475
2478
2481
2484
2487
2490
2493
2496
2499
2502
2505
2508
2511
2514
2517
2520
2523
2526
2529
2532
2535
2538
2541
2544
2547
2550
2553
2556
2559
2562
2565
2568
2571
2574
2577
2580
2583
2587
2591
2595
2597
2599
2601
2605
2609
2613
2615
2617
2619
2623
2627
2631
2633
2635
2637
2641
2645
2649
2651
2653
2655
2659
2663
2667
2669
2671
2673
2677
2681
2685
2687
2689
2691
2695
2699
2703
2705
2707
2709
2713
2717
2721
2723
2725
2727
2731
2735
2739
2741
2743
2745
2749
2753
2757
2759
2761
2763
2765
2767
2769
2773
2777
2781
2783
2785
2787
2791
2795
2799
2801
2803
2805
2809
2813
2817
2819
2821
2823
2827
2831
2835
2837
2839
2841
2845
2849
2853
2855
2857
2859
2863
2867
2871
2873
2875
2877
2881
2885
2889
2893
2897
2901
2903
2905
2907
2909
2911
2913
2917
2921
2925
2927
2929
2931
2935
2939
2943
2945
2947
2949
2953
2957
2961
2963
2965
2967
2971
2975
2979
2981
2983
2985
2989
2993
2997
2999
3001
3003
3007
3011
3015
3017
3019
3021
3025
3029
3033
3035
3037
3039
3043
3047
3051
3055
3059
3063
3065
3067
3069
3071
3073
3075
3079
3083
3087
3089
3091
3093
3097
3101
3105
3107
3109
3111
3115
3119
3123
3125
3127
3129
3133
3137
3141
3143
3145
3147
3151
3155
3159
3161
3163
3165
3169
3173
3177
3179
3181
3183
3187
3191
3195
3197
3199
3201
3205
3209
3213
3217
3221
3225
3227
3229
3231
3233
3235
3237
3241
3245
3249
3251
3253
3255
3259
3263
3267
3269
3271
3273
3277
3281
3285
3287
3289
3291
3295
3299
3303
3305
3307
3309
3313
3317
3321
3323
3325
3327
3331
3335
3339
3341
3343
3345
3349
3353
3357
3359
3361
3363
3367
3371
3375
3379
3383
3387
3389
3391
3393
3395
3397
3399
3403
3407
3411
3413
3415
3417
3421
3425
3429
3431
3433
3435
3439
3443
3447
3449
3451
3453
3457
3461
3465
3467
3469
3471
3475
3479
3483
3485
3487
3489
3493
3497
3501
3503
3505
3507
3511
3515
3519
3521
3523
3525
3529
3533
3537
3541
3545
3549
3551
3553
3555
3557
3559
3561
3565
3569
3573
3575
3577
3579
3583
3587
3591
3593
3595
3597
3601
3605
3609
3611
3613
3615
3619
3623
3627
3629
3631
3633
3637
3641
3645
3647
3649
3651
3655
3659
3663
3665
3667
3669
3673
3677
3681
3683
3685
3687
3691
3695
3699
3703
3707
3711
3713
3715
3717
3719
3721
3723
3727
3731
3735
3737
3739
3741
3745
3749
3753
3755
3757
3759
3763
3767
3771
3773
3775
3777
3781
3785
3789
3791
3793
3795
3799
3803
3807
3809
3811
3813
3817
3821
3825
3827
3829
3831
3835
3839
3843
3845
3847
3849
3853
3857
3861
3865
3869
3873
3875
3877
3879
3881
3883
3885
3889
3893
3897
3899
3901
3903
3907
3911
3915
3917
3919
3921
3925
3929
3933
3935
3937
3939
3943
3947
3951
3953
3955
3957
3961
3965
3969
3971
3973
3975
3979
3983
3987
3989
3991
3993
3997
4001
4005
4007
4009
4011
4015
4019
4023
4027
4031
4035
4037
4039
4041
4043
4045
4047
4051
4055
4059
4061
4063
4065
4069
4073
4077
4079
4081
4083
4087
4091
4095
4097
4099
4101
4105
4109
4113
4115
4117
4119
4123
4127
4131
4133
4135
4137
4141
4145
4149
4151
4153
4155
4159
4163
4167
4169
4171
4173
4177
4181
4185
4189
4193
4197
4199
4201
4203
4205
4207
4209
4213
4217
4221
4223
4225
4227
4231
4235
4239
4241
4243
4245
4249
4253
4257
4259
4261
4263
4267
4271
4275
4277
4279
4281
4285
4289
4293
4295
4297
4299
4303
4307
4311
4313
4315
4317
4321
4325
4329
4331
4333
4335
4339
4343
4347
4351
4355
4359
4361
4363
4365
4367
4369
4371
4375
4379
4383
4385
4387
4389
4393
4397
4401
4403
4405
4407
4411
4415
4419
4421
4423
4425
4429
4433
4437
4439
4441
4443
4447
4451
4455
4457
4459
4461
4465
4469
4473
4475
4477
4479
4483
4487
4491
4493
4495
4497
4501
4505
4509
4513
4517
4521
4523
4525
4527
4529
4531
4533
4537
4541
4545
4547
4549
4551
4555
4559
4563
4565
4567
4569
4573
4577
4581
4583
4585
4587
4591
4595
4599
4601
4603
4605
4609
4613
4617
4619
4621
4623
4627
4631
4635
4637
4639
4641
4645
4649
4653
4655
4657
4659
4663
4667
4671
4675
4679
4683
4685
4687
4689
4691
4693
4695
4699
4703
4707
4709
4711
4713
4717
4721
4725
4727
4729
4731
4735
4739
4743
4745
4747
4749
4753
4757
4761
4763
4765
4767
4771
4775
4779
4781
4783
4785
4789
4793
4797
4799
4801
4803
4807
4811
4815
4817
4819
4821
4825
4829
4833
4837
4841
4845
4847
4849
4851
4853
4855
4857
4861
4865
4869
4871
4873
4875
4879
4883
4887
4889
4891
4893
4897
4901
4905
4907
4909
4911
4915
4919
4923
4925
4927
4929
4933
4937
4941
4943
4945
4947
4951
4955
4959
4961
4963
4965
4969
4973
4977
4979
4981
4983
4987
4991
4995
4999
5003
5007
5009
5011
5013
5015
5017
5019
5023
5027
5031
5033
5035
5037
5041
5045
5049
5051
5053
5055
5059
5063
5067
5069
5071
5073
5077
5081
5085
5087
5089
5091
5095
5099
5103
5105
5107
5109
5113
5117
5121
5123
5125
5127
5131
5135
5139
5141
5143
5145
5149
5153
5157
5161
5165
5169
5171
5173
5175
5177
5179
5181
5185
5189
5193
5197
5201
5205
5208
5211
5214
5218
5222
5226
5229
5232
5235
5239
5243
5247
5251
5255
5259
5262
5265
5268
5272
5276
5280
5284
5288
5292
5295
5298
5301
5305
5309
5313
5317
5321
5325
5328
5331
5334
5338
5342
5346
5350
5354
5358
5361
5364
5367
5371
5375
5379
5383
5387
5391
5394
5397
5400
5404
5408
5412
5416
5420
5424
5427
5430
5433
5437
5441
5445
5449
5453
5457
5460
5463
5466
5470
5474
5478
5482
5486
5490
5493
5496
5499
5503
5507
5511
5515
5519
5523
5526
5529
5532
5536
5540
5544
5548
5552
5556
5559
5562
5565
5569
5573
5577
5581
5585
5589
5592
5595
5598
5602
5606
5610
5614
5618
5622
5625
5628
5631
5635
5639
5643
5647
5651
5655
5658
5661
5664
5668
5672
5676
5680
5684
5688
5691
5694
5697
5701
5705
5709
5713
5717
5721
5724
5727
5730
5733
5736
5739
5742
5745
5748
5751
5754
5757
5760
5763
5766
5769
5772
5775
5778
5781
5784
5787
5790
5793
5796
5799
5802
5805
5808
5811
5814
5817
5820
5823
5826
5829
5832
5835
5838
5841
5844
5847
5850
5853
5856
5859
5862
5865
5868
5871
5874
5877
5880
5883
5886
5889
5892
5895
5898
5901
5904
5907
5910
5913
5916
5919
5922
5925
5928
5931
5934
5937
5940
5943
5946
5949
5952
5955
5958
5961
5964
5967
5970
5973
5976
5979
5982
5985
5988
5991
5994
5997
6000
6003
6006
6009
6012
6015
6018
6021
6024
6027
6030
6033
6036
6039
6042
6045
6048
6051
6054
6057
6060
6063
6066
6069
6072
6075
6078
6081
6084
6087
6090
6093
6096
6099
6102
6105
6108
6111
6114
6117
6120
6123
6126
6129
6132
6135
6138
6141
6144
6147
6150
6153
6156
6159
6162
6165
6168
6171
6174
6177
6180
6183
6186
6189
6192
6195
6198
6201
6204
6207
6210
6213
6216
6219
6222
6225
6228
6231
6234
6237
6240
6243
6246
6249
6252
6255
6258
6261
6264
6267
6270
6273
6276
6279
6282
6285
6288
6291
6294
6297
6300
6303
6306
6309
6312
6315
6318
6321
6324
6327
6330
6333
6336
6339
6342
6345
6348
6351
6354
6357
6360
6363
6366
6369
6372
6375
6378
6381
6384
6387
6390
6393
6396
6399
6402
6405
6408
6411
6414
6417
6420
6423
6426
6429
6432
6435
6438
6441
6444
6447
6450
6453
6456
6459
6462
6465
6468
6471
6474
6477
6480
6483
6486
6489
6492
6495
6498
6501
6504
6507
6510
6513
6516
6519
6522
6525
6528
6531
6534
6537
6540
6543
6546
6549
6552
6555
6558
6561
6564
6567
6570
6573
6576
6579
6582
6585
6588
6591
6594
6597
6600
6603
6606
6609
6612
6615
6618
6621
6624
6627
6630
6633
6636
6639
6642
6645
6648
6651
6654
6657
6660
6663
6666
6669
6672
6675
6678
6681
6684
6687
6690
6693
6696
6699
6702
6705
6708
6711
6714
6717
6720
6723
6726
6729
6732
6735
6738
6741
6744
6747
6750
6753
6756
6759
6762
6765
6768
6771
6774
6777
6780
6783
6786
6789
6792
6795
6798
6801
6804
6807
6810
6813
6816
6819
6822
6825
6828
6831
6834
6837
6840
6843
6846
6849
6852
6855
6858
6861
6864
6867
6870
6873
6876
6879
6882
6885
6888
6891
6894
6897
6900
6903
6906
6909
6912
6915
6918
6921
6924
6927
6930
6933
6936
6939
6942
6945
6948
6951
6954
6957
6960
6963
6966
6969
6972
6975
6978
6981
6984
6987
6990
6993
6996
6999
7002
7005
7008
7011
7014
7017
7020
7023
7026
7029
7032
7035
7038
7041
7044
7047
7050
7053
7056
7059
7062
7065
7068
7071
7074
7077
7080
7083
7086
7089
7092
7095
7098
7101
7104
7107
7110
7113
7116
7119
7122
7125
7128
7131
7134
7137
7140
7143
7146
7149
7152
7155
7158
7161
7164
7167
7170
7173
7176
7179
7182
7185
7188
7191
7194
7197
7200
7203
7206
7209
7212
7215
7218
7221
7224
7227
7230
7233
7236
7239
7242
7245
7248
7251
7254
7257
7260
7263
7266
7269
7272
7275
7278
7281
7284
7287
7290
7293
7296
7299
7302
7305
7308
7311
7314
7317
7320
7323
7326
7329
7332
7335
7338
7341
7344
7347
7350
7353
7356
7359
7362
7365
7368
7371
7374
7377
7380
7383
7386
7389
7392
7395
7398
7401
7404
7407
7410
7413
7416
7419
7422
7425
7428
7431
7434
7437
7440
7443
7446
7449
7452
7455
7458
7461
7464
7467
7470
7473
7476
7479
7482
7485
7488
7491
7494
7497
7500
7503
7506
7509
7512
7515
7518
7521
7524
7527
7530
7533
7536
7539
7542
7545
7548
7551
7554
7557
7560
7563
7566
7569
7572
7575
7578
7581
7584
7587
7590
7593
7596
7599
7602
7605
7608
7611
7614
7617
7620
7623
7626
7629
7632
7635
7638
7641
7644
7647
7650
7653
7656
7659
7662
7665
7668
7671
7674
7677
7680
7683
7686
7689
7692
7695
7698
7701
7704
7707
7710
7713
7716
7719
7722
7725
7728
7731
7734
7737
7740
7743
7746
7749
7752
7755
7758
7761
7764
7767
7770
7773
7776
7779
7782
7785
7788
7791
7794
7797
7800
7803
7806
7809
7812
7815
7818
7821
7824
7827
7830
7833
7836
7839
7842
7845
7848
7851
7854
7857
7860
7863
7866
7869
7872
7875
7878
7881
7884
7887
7890
7893
7896
7899
7902
7905
7908
7911
7914
7917
7920
7923
7926
7929
7932
7935
7938
7941
7944
7947
7950
7953
7956
7959
7962
7965
7968
7971
7974
7977
7980
7983
7986
7989
7992
7995
7998
8001
8004
8007
8010
8013
8016
8019
8022
8025
8028
8031
8034
8037
8040
8043
8046
8049
8052
8055
8058
8061
8064
8067
8070
8073
8076
8079
8082
8085
8088
8091
8094
8097
8100
8103
8106
8109
8112
8115
8118
8121
8124
8127
8130
8133
8136
8139
8142
8145
8148
8151
8154
8157
8160
8163
8166
8169
8172
8175
8178
8181
8184
8187
8190
8193
8196
8199
8202
8205
8208
8211
8214
8217
8220
8223
8226
8229
8232
8235
8238
8241
8244
8247
8250
8253
8256
8259
8262
8265
8268
8271
8274
8277
8280
8283
8286
8289
8292
8295
8298
8301
8304
8308
8312
8316
8318
8320
8322
8326
8330
8334
8336
8338
8340
8344
8348
8352
8354
8356
8358
8362
8366
8370
8372
8374
8376
8380
8384
8388
8390
8392
8394
8398
8402
8406
8408
8410
8412
8416
8420
8424
8426
8428
8430
8434
8438
8442
8444
8446
8448
8452
8456
8460
8462
8464
8466
8470
8474
8478
8480
8482
8484
8486
8488
8490
8494
8498
8502
8504
8506
8508
8512
8516
8520
8522
8524
8526
8530
8534
8538
8540
8542
8544
8548
8552
8556
8558
8560
8562
8566
8570
8574
8576
8578
8580
8584
8588
8592
8594
8596
8598
8602
8606
8610
8614
8618
8622
8624
8626
8628
8630
8632
8634
8638
8642
8646
8648
8650
8652
8656
8660
8664
8666
8668
8670
8674
8678
8682
8684
8686
8688
8692
8696
8700
8702
8704
8706
8710
8714
8718
8720
8722
8724
8728
8732
8736
8738
8740
8742
8746
8750
8754
8756
8758
8760
8764
8768
8772
8776
8780
8784
8786
8788
8790
8792
8794
8796
8800
8804
8808
8810
8812
8814
8818
8822
8826
8828
8830
8832
8836
8840
8844
8846
8848
8850
8854
8858
8862
8864
8866
8868
8872
8876
8880
8882
8884
8886
8890
8894
8898
8900
8902
8904
8908
8912
8916
8918
8920
8922
8926
8930
8934
8938
8942
8946
8948
8950
8952
8954
8956
8958
8962
8966
8970
8972
8974
8976
8980
8984
8988
8990
8992
8994
8998
9002
9006
9008
9010
9012
9016
9020
9024
9026
9028
9030
9034
9038
9042
9044
9046
9048
9052
9056
9060
9062
9064
9066
9070
9074
9078
9080
9082
9084
9088
9092
9096
9100
9104
9108
9110
9112
9114
9116
9118
9120
9124
9128
9132
9134
9136
9138
9142
9146
9150
9152
9154
9156
9160
9164
9168
9170
9172
9174
9178
9182
9186
9188
9190
9192
9196
9200
9204
9206
9208
9210
9214
9218
9222
9224
9226
9228
9232
9236
9240
9242
9244
9246
9250
9254
9258
9262
9266
9270
9272
9274
9276
9278
9280
9282
9286
9290
9294
9296
9298
9300
9304
9308
9312
9314
9316
9318
9322
9326
9330
9332
9334
9336
9340
9344
9348
9350
9352
9354
9358
9362
9366
9368
9370
9372
9376
9380
9384
9386
9388
9390
9394
9398
9402
9404
9406
9408
9412
9416
9420
9424
9428
9432
9434
9436
9438
9440
9442
9444
9448
9452
9456
9458
9460
9462
9466
9470
9474
9476
9478
9480
9484
9488
9492
9494
9496
9498
9502
9506
9510
9512
9514
9516
9520
9524
9528
9530
9532
9534
9538
9542
9546
9548
9550
9552
9556
9560
9564
9566
9568
9570
9574
9578
9582
9586
9590
9594
9596
9598
9600
9602
9604
9606
9610
9614
9618
9620
9622
9624
9628
9632
9636
9638
9640
9642
9646
9650
9654
9656
9658
9660
9664
9668
9672
9674
9676
9678
9682
9686
9690
9692
9694
9696
9700
9704
9708
9710
9712
9714
9718
9722
9726
9728
9730
9732
9736
9740
9744
9748
9752
9756
9758
9760
9762
9764
9766
9768
9772
9776
9780
9782
9784
9786
9790
9794
9798
9800
9802
9804
9808
9812
9816
9818
9820
9822
9826
9830
9834
9836
9838
9840
9844
9848
9852
9854
9856
9858
9862
9866
9870
9872
9874
9876
9880
9884
9888
9890
9892
9894
9898
9902
9906
9910
9914
9918
9920
9922
9924
9926
9928
9930
9934
9938
9942
9944
9946
9948
9952
9956
9960
9962
9964
9966
9970
9974
9978
9980
9982
9984
9988
9992
9996
9998
10000
10002
10006
10010
10014
10016
10018
10020
10024
10028
10032
10034
10036
10038
10042
10046
10050
10052
10054
10056
10060
10064
10068
10072
10076
10080
10082
10084
10086
10088
10090
10092
10096
10100
10104
10106
10108
10110
10114
10118
10122
10124
10126
10128
10132
10136
10140
10142
10144
10146
10150
10154
10158
10160
10162
10164
10168
10172
10176
10178
10180
10182
10186
10190
10194
10196
10198
10200
10204
10208
10212
10214
10216
10218
10222
10226
10230
10234
10238
10242
10244
10246
10248
10250
10252
10254
10258
10262
10266
10268
10270
10272
10276
10280
10284
10286
10288
10290
10294
10298
10302
10304
10306
10308
10312
10316
10320
10322
10324
10326
10330
10334
10338
10340
10342
10344
10348
10352
10356
10358
10360
10362
10366
10370
10374
10376
10378
10380
10384
10388
10392
10396
10400
10404
10406
10408
10410
10412
10414
10416
10420
10424
10428
10430
10432
10434
10438
10442
10446
10448
10450
10452
10456
10460
10464
10466
10468
10470
10474
10478
10482
10484
10486
10488
10492
10496
10500
10502
10504
10506
10510
10514
10518
10520
10522
10524
10528
10532
10536
10538
10540
10542
10546
10550
10554
10558
10562
10566
10568
10570
10572
10574
10576
10578
10582
10586
10590
10592
10594
10596
10600
10604
10608
10610
10612
10614
10618
10622
10626
10628
10630
10632
10636
10640
10644
10646
10648
10650
10654
10658
10662
10664
10666
10668
10672
10676
10680
10682
10684
10686
10690
10694
10698
10700
10702
10704
10708
10712
10716
10720
10724
10728
10730
10732
10734
10736
10738
10740
10744
10748
10752
10754
10756
10758
10762
10766
10770
10772
10774
10776
10780
10784
10788
10790
10792
10794
10798
10802
10806
10808
10810
10812
10816
10820
10824
10826
10828
10830
10834
10838
10842
10844
10846
10848
10852
10856
10860
10862
10864
10866
10870
10874
10878
10882
10886
10890
10892
10894
10896
10898
10900
10902
10906
10910
10914
10918
10922
10926
10929
10932
10935
10939
10943
10947
10950
10953
10956
10960
10964
10968
10972
10976
10980
10983
10986
10989
10993
10997
11001
11005
11009
11013
11016
11019
11022
11026
11030
11034
11038
11042
11046
11049
11052
11055
11059
11063
11067
11071
11075
11079
11082
11085
11088
11092
11096
11100
11104
11108
11112
11115
11118
11121
11125
11129
11133
11137
11141
11145
11148
11151
11154
11158
11162
11166
11170
11174
11178
11181
11184
11187
11191
11195
11199
11203
11207
11211
11214
11217
11220
11224
11228
11232
11236
11240
11244
11247
11250
11253
11257
11261
11265
11269
11273
11277
11280
11283
11286
11290
11294
11298
11302
11306
11310
11313
11316
11319
11323
11327
11331
11335
11339
11343
11346
11349
11352
11356
11360
11364
11368
11372
11376
11379
11382
11385
11389
11393
11397
11401
11405
11409
11412
11415
11418
11422
11426
11430
11434
11438
11442
11445
11448
11451
11454
11457
11460
11463
11466
11469
11472
11475
11478
11481
11484
11487
11490
11493
11496
11499
11502
11505
11508
11511
11514
11517
11520
11523
11526
11529
11532
11535
11538
11541
11544
11547
11550
11553
11556
11559
11562
11565
11568
11571
11574
11577
11580
11583
11586
11589
11592
11595
11598
11601
11604
11607
11610
11613
11616
11619
11622
11625
11628
11631
11634
11637
11640
11643
11646
11649
11652
11655
11658
11661
11664
11667
11670
11673
11676
11679
11682
11685
11688
11691
11694
11697
11700
11703
11706
11709
11712
11715
11718
11721
11724
11727
11730
11733
11736
11739
11742
11745
11748
11751
11754
11757
11760
11763
11766
11769
11772
11775
11778
11781
11784
11787
11790
11793
11796
11799
11802
11805
11808
11811
11814
11817
11820
11823
11826
11829
11832
11835
11838
11841
11844
11847
11850
11853
11856
11859
11862
11865
11868
11871
11874
11877
11880
11883
11886
11889
11892
11895
11898
11901
11904
11907
11910
11913
11916
11919
11922
11925
11928
11931
11934
11937
11940
11943
11946
11949
11952
11955
11958
11961
11964
11967
11970
11973
11976
11979
11982
11985
11988
11991
11994
11997
12000
12003
12006
12009
12012
12015
12018
12021
12024
12027
12030
12033
12036
12039
12042
12045
12048
12051
12054
12057
12060
12063
12066
12069
12072
12075
12078
12081
12084
12087
12090
12093
12096
12099
12102
12105
12108
12111
12114
12117
12120
12123
12126
12129
12132
12135
12138
12141
12144
12147
12150
12153
12156
12159
12162
12165
12168
12171
12174
12177
12180
12183
12186
12189
12192
12195
12198
12201
12204
12207
12210
12213
12216
12219
12222
12225
12228
12231
12234
12237
12240
12243
12246
12249
12252
12255
12258
12261
12264
12267
12270
12273
12276
12279
12282
12285
12288
12291
12294
12297
12300
12303
12306
12309
12312
12315
12318
12321
12324
12327
12330
12333
12336
12339
12342
12345
12348
12351
12354
12357
12360
12363
12366
12369
12372
12375
12378
12381
12384
12387
12390
12393
12396
12399
12402
12405
12408
12411
12414
12417
12420
12423
12426
12429
12432
12435
12438
12441
12444
12447
12450
12453
12456
12459
12462
12465
12468
12471
12474
12477
12480
12483
12486
12489
12492
12495
12498
12501
12504
12507
12510
12513
12516
12519
12522
12525
12528
12531
12534
12537
12540
12543
12546
12549
12552
12555
12558
12561
12564
12567
12570
12573
12576
12579
12582
12585
12588
12591
12594
12597
12600
12603
12606
12609
12612
12615
12618
12621
12624
12627
12630
12633
12636
12639
12642
12645
12648
12651
12654
12657
12660
12663
12666
12669
12672
12675
12678
12681
12684
12687
12690
12693
12696
12699
12702
12705
12708
12711
12714
12717
12720
12723
12726
12729
12732
12735
12738
12741
12744
12747
12750
12753
12756
12759
12762
12765
12768
12771
12774
12777
12780
12783
12786
12789
12792
12795
12798
12801
12804
12807
12810
12813
12816
12819
12822
12825
12828
12831
12834
12837
12840
12843
12846
12849
12852
12855
12858
12861
12864
12867
12870
12873
12876
12879
12882
12885
12888
12891
12894
12897
12900
12903
12906
12909
12912
12915
12918
12921
12924
12927
12930
12933
12936
12939
12942
12945
12948
12951
12954
12957
12960
12963
12966
12969
12972
12975
12978
12981
12984
12987
12990
12993
12996
12999
13002
13005
13008
13011
13014
13017
13020
13023
13026
13029
13032
13035
13038
13041
13044
13047
13050
13053
13056
13059
13062
13065
13068
13071
13074
13077
13080
13083
13086
13089
13092
13095
13098
13101
13104
13107
13110
13113
13116
13119
13122
13125
13128
13131
13134
13137
13140
13143
13146
13149
13152
13155
13158
13161
13164
13167
13170
13173
13176
13179
13182
13185
13188
13191
13194
13197
13200
13203
13206
13209
13212
13215
13218
13221
13224
13227
13230
13233
13236
13239
13242
13245
13248
13251
13254
13257
13260
13263
13266
13269
13272
13275
13278
13281
13284
13287
13290
13293
13296
13299
13302
13305
13308
13311
13314
13317
13320
13323
13326
13329
13332
13335
13338
13341
13344
13347
13350
13353
13356
13359
13362
13365
13368
13371
13374
13377
13380
13383
13386
13389
13392
13395
13398
13401
13404
13407
13410
13413
13416
13419
13422
13425
13428
13431
13434
13437
13440
13443
13446
13449
13452
13455
13458
13461
13464
13467
13470
13473
13476
13479
13482
13485
13488
13491
13494
13497
13500
13503
13506
13509
13512
13515
13518
13521
13524
13527
13530
13533
13536
13539
13542
13545
13548
13551
13554
13557
13560
13563
13566
13569
13572
13575
13578
13581
13584
13587
13590
13593
13596
13599
13602
13605
13608
13611
13614
13617
13620
13623
13626
13629
13632
13635
13638
13641
13644
13647
13650
13653
13656
13659
13662
13665
13668
13671
13674
13677
13680
13683
13686
13689
13692
13695
13698
13701
13704
13707
13710
13713
13716
13719
13722
13725
13728
13731
13734
13737
13740
13743
13746
13749
13752
13755
13758
13761
13764
13767
13770
13773
13776
13779
13782
13785
13788
13791
13794
13797
13800
13803
13806
13809
13812
13815
13818
13821
13824
13827
13830
13833
13836
13839
13842
13845
13848
13851
13854
13857
13860
13863
13866
13869
13872
13875
13878
13881
13884
13887
13890
13893
13896
13899
13902
13905
13908
13911
13914
13917
13920
13923
13926
13929
13932
13935
13938
13941
13944
13947
13950
13953
13956
13959
13962
13965
13968
13971
13974
13977
13980
13983
13986
13989
13992
13995
13998
14001
14004
14007
14010
14013
14016
14019
14022
14025
14029
14033
14037
14039
14041
14043
14047
14051
14055
14057
14059
14061
14065
14069
14073
14075
14077
14079
14083
14087
14091
14093
14095
14097
14101
14105
14109
14111
14113
14115
14119
14123
14127
14129
14131
14133
14137
14141
14145
14147
14149
14151
14155
14159
14163
14165
14167
14169
14173
14177
14181
14183
14185
14187
14191
14195
14199
14201
14203
14205
14207
14209
14211
14215
14219
14223
14225
14227
14229
14233
14237
14241
14243
14245
14247
14251
14255
14259
14261
14263
14265
14269
14273
14277
14279
14281
14283
14287
14291
14295
14297
14299
14301
14305
14309
14313
14315
14317
14319
14323
14327
14331
14335
14339
14343
14345
14347
14349
14351
14353
14355
14359
14363
14367
14369
14371
14373
14377
14381
14385
14387
14389
14391
14395
14399
14403
14405
14407
14409
14413
14417
14421
14423
14425
14427
14431
14435
14439
14441
14443
14445
14449
14453
14457
14459
14461
14463
14467
14471
14475
14477
14479
14481
14485
14489
14493
14497
14501
14505
14507
14509
14511
14513
14515
14517
14521
14525
14529
14531
14533
14535
14539
14543
14547
14549
14551
14553
14557
14561
14565
14567
14569
14571
14575
14579
14583
14585
14587
14589
14593
14597
14601
14603
14605
14607
14611
14615
14619
14621
14623
14625
14629
14633
14637
14639
14641
14643
14647
14651
14655
14659
14663
14667
14669
14671
14673
14675
14677
14679
14683
14687
14691
14693
14695
14697
14701
14705
14709
14711
14713
14715
14719
14723
14727
14729
14731
14733
14737
14741
14745
14747
14749
14751
14755
14759
14763
14765
14767
14769
14773
14777
14781
14783
14785
14787
14791
14795
14799
14801
14803
14805
14809
14813
14817
14821
14825
14829
14831
14833
14835
14837
14839
14841
14845
14849
14853
14855
14857
14859
14863
14867
14871
14873
14875
14877
14881
14885
14889
14891
14893
14895
14899
14903
14907
14909
14911
14913
14917
14921
14925
14927
14929
14931
14935
14939
14943
14945
14947
14949
14953
14957
14961
14963
14965
14967
14971
14975
14979
14983
14987
14991
14993
14995
14997
14999
15001
15003
15007
15011
15015
15017
15019
15021
15025
15029
15033
15035
15037
15039
15043
15047
15051
15053
15055
15057
15061
15065
15069
15071
15073
15075
15079
15083
15087
15089
15091
15093
15097
15101
15105
15107
15109
15111
15115
15119
15123
15125
15127
15129
15133
15137
15141
15145
15149
15153
15155
15157
15159
15161
15163
15165
15169
15173
15177
15179
15181
15183
15187
15191
15195
